209
BUONMETHUOT
12 0 10 8 2021
3
MB001
40 0 
208
BUONMETHUOT
10 0 30 8 2021
1
MB001
40 2 1,066300000303,3,012345678901,
207
HUE
23 0 11 8 2021
1
MB001
40 1 34,066300000303,
206
DANANG
10 0 11 8 2021
1
MB001
40 0 
205
VINH
10 0 10 8 2021
3
MB001
40 0 
204
BUONMETHUOT
12 12 12 12 2021
1
MB004
64 0 
203
CAMRANH
12 12 10 10 2021
0
MB004
64 0 
202
DIENBIENPHU
0 0 10 10 2021
0
MB015
70 0 
201
BUONMETHUOT
10 0 10 10 2021
1
MB001
40 1 4,066300000303,
119
PHUCAT
10 0 10 10 2021
1
MB005
65 1 3,066300000303,
118
CONDAO
10 0 10 10 2021
1
MB002
50 0 
117
CAMAU
1 0 10 8 2021
3
MB001
40 0 
116
DANANG
12 0 10 8 2021
3
MB001
40 0 
115
HUE
12 12 10 10 2021
1
MB001
40 1 3,066300000303,
114
DANANG
12 12 10 9 2021
1
MB001
40 0 
113
CAMRANH
12 12 12 12 2021
1
MB006
66 1 9,066300000303,
112
VINH
12 0 12 8 2021
1
MB001
40 0 
111
CANTHO
12 12 12 12 2021
1
MB010
70 0 
200
THANHHOA
12 12 12 12 2021
1
MB001
40 0 
101
HOCHIMINH
1 1 18 7 2021
3
MB037
70 4 2,123456789000,12,066300000303,15,123456789123,20,098765432112,
102
BUONMETHUOT
1 1 17 7 2021
3
MB010
70 1 3,123456789123,
103
HOCHIMINH
22 0 16 7 2021
3
MB001
40 0 
104
NOIBAI
23 0 16 7 2021
0
MB001
40 0 
105
VINH
1 20 14 12 2021
1
MB006
66 1 3,066300000303,
106
CAMPHA
23 0 13 12 2021
1
MB002
50 0 
107
HOCHIMINH
1 1 18 7 2021
3
MB004
64 0 
108
BUONMETHUOT
1 1 17 7 2021
3
MB003
60 0 
109
CATBI
22 0 16 7 2021
3
MB007
67 0 